[ObserverConfiguration]
dt_mks=15000000
numKA=44717
Latitude=51.507406923983446
Longitude=-0.12773752212524414
Altitude=0.05
